C: 0.9893 0.0107 0
H: 0.999885 0.000115 0
N: 0.99632 0.00368 0
O: 0.99757 0.00038 0.00205
Si: 0.922297 0.046832 0.030872
S: 0.9493 0.0076 0.0429  0.00 0.0002
P: 1 0 0
Hv: 0 1 0
